The order of the distributions: ["Student's T", 'Laplace', 'asymmetric studentsT', 'normal inverse guassian', 'beta']


Each distribution contains these elements in the same order: 
['fit parameters', '-lnL', 'AIC', 'BIC', 'AICc', 'HQC']

Bitcoin


[[(2.3700558294358, -0.0031631801029417634, 0.01863311775396884), -2999.001121366373, -5992.002242732746, -5983.484010476552, -5991.985305541497, -5986.1086942768425], [(-0.002364249500708875, 0.021924764875966056), -3022.1629245655913, -6040.325849131183, -6029.8076168749885, -6040.31738650777, -6036.396816827247], [(2.383842198575503, 0.043150996330097786, -0.0040335622850270455, 0.01867994775713268), -2999.1426978382, -5990.2853956764, -5983.767163420206, -5990.25714708883, -5982.4273310685285], [(0.324438641057634, 0.01125528519395919, -0.0032513859297179076, 0.019217965079374663), -3013.888966843198, -6013.259701430202, -6019.777933686396, -6019.7496850988255, -6011.919869078524], [(1273.3076036399166, 26445.7067858733, -1.186247192287309, 25.7675195583805), -2857.4594833928772, -5700.40073452956, -5706.9189667857545, -5706.890718198184, -5699.060902177883]]


Ethereum


[[(2.400349186712589, -0.001428329845021135, 0.0303699185899572), -2313.3248721338555, -4620.649744267711, -4612.131512011517, -4620.632807076462, -4614.756195811808], [(-0.0013526135404853836, 0.035713019636230386), -2329.383167391946, -4654.766334783892, -4644.2481025276975, -4654.757872160479, -4650.837302479956], [(2.420830714777067, -0.21747260289669818, 0.005692630836184062, 0.03031796309878866), -2316.8465262904856, -4625.693052580971, -4619.174820324777, -4625.664803993401, -4617.8349879730995], [(0.8295538158628887, -0.2674815302854948, 0.01126207437221869, 0.04366037637257568), -2303.6832473383083, -4592.8482624204225, -4599.366494676617, -4599.338246089046, -4591.508430068745], [(28629.379765824197, 1615.9345750826105, -38.43422270880376, 40.59945614889065), -2171.634731507919, -4328.7512307596435, -4335.269463015838, -4335.241214428267, -4327.411398407966]]


Dogecoin


[[(1.5363091536872588, 0.0015403432506626777, 0.020544956872069385), -2491.6758365684686, -4977.351673136937, -4968.833440880743, -4977.334735945688, -4971.458124681034], [(0.0012736917651832377, 0.03306052298668933), -2438.888331998218, -4873.776663996436, -4863.258431740242, -4873.768201373023, -4869.8476316925], [(1.5468645610176863, -0.11585523055834211, 0.004041634409263683, 0.020600861625774278), -2493.3137993326263, -4978.627598665253, -4972.109366409059, -4978.599350077682, -4970.769534057381], [(0.11944945909723138, -0.026530755256677835, 0.0024121276834745383, 0.01998674804467044), -2510.3702090984707, -5006.222185940747, -5012.740418196941, -5012.712169609371, -5004.88235358907], [(749654.3219205099, 198.0677150953976, -3000.942043010383, 3001.7327909911883), -2080.8821092436947, -4147.245986231195, -4153.764218487389, -4153.735969899819, -4145.906153879518]]


Litecoin


[[(1.8596388963638821, -0.00014603300393319242, 0.021580025259355096), -2604.693373152103, -5203.386746304206, -5194.868514048012, -5203.369809112957, -5197.493197848303], [(5.530176206873795e-08, 0.029611935335158105), -2595.4769487958083, -5186.953897591617, -5176.4356653354225, -5186.945434968204, -5183.024865287681], [(1.8693373494312953, -0.08195764686173776, 0.0017432733966738605, 0.021626187586807188), -2605.3693000826543, -5202.7386001653085, -5196.220367909114, -5202.710351577738, -5194.880535557437], [(0.18897414676639304, -0.024048812232013644, 0.0005885892786947392, 0.021188743484351943), -2620.4270484494414, -5226.335864642689, -5232.854096898883, -5232.825848311312, -5224.996032291011], [(5887450.4575332925, 112.05466946925623, -26346.86475997915, 26347.36405963084), -2331.416892226171, -4648.315552196148, -4654.833784452342, -4654.805535864772, -4646.97571984447]]


Nexus


[[(2.2274043206275875, 0.0018036285785931168, 0.048347616198675634), -1600.967962669898, -3195.935925339796, -3187.417693083602, -3195.9189881485468, -3190.0423768838923], [(0.0009388118506697138, 0.0613036912174387), -1561.4917299050717, -3118.9834598101434, -3108.4652275539493, -3118.97499718673, -3115.0544275062075], [(2.269163744926829, -0.22915037600364918, 0.014003933425093236, 0.048491139607216696), -1604.7244407545857, -3201.4488815091713, -3194.930649252977, -3201.420632921601, -3193.5908169012996], [(0.28729440864204714, -0.07008404245201348, 0.009038342346354797, 0.050011758338120466), -1600.711325642989, -3186.904419029784, -3193.422651285978, -3193.3944026984077, -3185.5645866781065], [(16825.336175899763, 13091.66380884522, -20.112233606299036, 35.75480576694359), -1220.978345787697, -2427.4384593192, -2433.956691575394, -2433.9284429878235, -2426.0986269675223]]


Factom


[[(2.7307877721634544, 0.00043774310415608424, 0.04321094712780399), -1892.279505417818, -3778.559010835636, -3770.040778579442, -3778.5420736443866, -3772.665462379732], [(6.645144706041227e-07, 0.048634463992621876), -1890.3251943468094, -3776.650388693619, -3766.132156437425, -3776.6419260702055, -3772.721356389683], [(2.7438266014402264, -0.16109097605895056, 0.008050296502384657, 0.043178540021091436), -1893.8264811383483, -3779.6529622766966, -3773.1347300205025, -3779.624713689126, -3771.794897668825], [(0.4391782758808524, -0.05533105941441145, 0.003687767421713491, 0.047319765631733554), -1899.1389948556762, -3783.7597574551583, -3790.2779897113523, -3790.249741123782, -3782.4199251034806], [(7609080.140486287, 0.49168407766862543, -1.597131692284592, 2.192966377627968e-30), -1706.3182791751747, 3420.6365583503493, 3427.1547906065434, 3420.66480693792, 3428.494622958221]]


PayCoin


[[(1.7224281930127732, -7.537387641138579e-05, 0.06752731704101575), -890.6252939393786, -1775.2505878787572, -1766.7851216064018, -1775.2331965744092, -1769.3788859275357], [(1.6559336831933844e-07, 0.10138742150799693), -823.9927621899869, -1643.9855243799739, -1633.5200581076188, -1643.9768350244344, -1640.071056412493], [(1.7239109332042846, -0.04269528057078505, 0.006059656692357015, 0.06750948756014008), -891.6771693999253, -1775.3543387998507, -1768.8888725274956, -1775.3253322733822, -1767.5254028648887], [(0.11886656344862934, -0.006579353951755887, 0.00342072907819126, 0.062987333793776), -896.6917346530722, -1778.9180030337893, -1785.3834693061444, -1785.354462779676, -1777.5545333711825], [(34575.52062292546, 18935.713112512887, -59.82590160743075, 92.59032996464586), -325.6786755356594, -636.8918847989636, -643.3573510713188, -643.3283445448503, -635.5284151363568]]


Phoenixcoin


[[(1.9673612287951312, 0.005648828382192399, 0.06296728882396024), -960.1513288753803, -1914.3026577507605, -1906.1108713085655, -1914.2827076260724, -1908.545560567954], [(0.0031389103757207, 0.0840453976043204), -945.6731240111139, -1887.3462480222279, -1877.1544615800328, -1887.3362812448192, -1883.5081832336903], [(1.990669845198672, -0.17120277035375603, 0.017259182319670052, 0.06313154002435199), -962.4343067871001, -1916.8686135742003, -1910.6768271320052, -1916.835335703984, -1909.192483997125], [(0.2073531294955301, -0.03720650185250752, 0.00919009772713967, 0.0618062035245221), -970.9475237126057, -1927.7032609830164, -1933.8950474252115, -1933.8617695549951, -1926.2189178481362], [(4035.263911132727, 183.73045953088013, -41.5091799239476, 43.39695672912566), -694.3356184811735, -1374.4794505201519, -1380.671236962347, -1380.6379590921306, -1372.9951073852717]]


