The order of the currencies: ['Bitcoin', 'Ethereum', 'Dogecoin', 'Litecoin', 'Nexus', 'Factom', 'PayCoin', 'Phoenixcoin']
The functions in order are: Min, Max, Median, Mean, kurtosis, skewness, SD, variance, range, IQR, Q1, Q3
DAILY RETURNS
[2.441950e+02 4.519425e-01 1.145000e-04 3.015000e+00 9.820000e-04
 7.936600e-02 1.046000e-03 5.000000e-05]
[1.953155e+04 1.351675e+03 1.667500e-02 3.554800e+02 1.363500e+01
 7.521000e+01 1.797780e-01 3.211800e-02]
[3.6417825e+03 1.4649000e+02 1.8997500e-03 4.1540000e+01 3.3652200e-01
 5.7575000e+00 1.3768000e-02 2.0475000e-03]
[4.30031652e+03 2.15690688e+02 2.04345007e-03 5.41650738e+01
 8.23469452e-01 9.99740822e+00 1.82715480e-02 3.45639611e-03]
[ 0.28024953  2.75877533  6.09411667  3.06974388 24.92427267  5.70055356
 12.92894145  6.72251447]
[0.91650746 1.64773567 1.87471242 1.66041469 4.09929845 2.11297838
 2.78057259 2.20253524]
[3.93996472e+03 2.53243135e+02 2.12698834e-03 6.13127295e+01
 1.36571810e+00 1.14786912e+01 1.68137062e-02 4.45103685e-03]
[1.55233220e+07 6.41320852e+04 4.52407940e-06 3.75925080e+03
 1.86518592e+00 1.31760352e+02 2.82700717e-04 1.98117291e-05]
[1.92873550e+04 1.35122306e+03 1.65605000e-02 3.52465000e+02
 1.36340180e+01 7.51306340e+01 1.78732000e-01 3.20680000e-02]
[6.19266625e+03 2.87783750e+02 2.78387500e-03 7.47825000e+01
 1.01861050e+00 1.28475000e+01 1.38795000e-02 5.03687500e-03]
[6.582275e+02 1.151000e+01 2.300000e-04 3.900000e+00 3.013950e-02
 2.350000e+00 8.404500e-03 1.507500e-04]
[6.85089375e+03 2.99293750e+02 3.01387500e-03 7.86825000e+01
 1.04875000e+00 1.51975000e+01 2.22840000e-02 5.18762500e-03]

LOG RETURNS
[-0.19510752 -0.26227945 -0.3803409  -0.39187453 -0.85851373 -0.83535982
 -2.15019263 -1.60145156]
[0.16960198 0.32553201 0.35648457 0.23027862 1.01733682 0.30331056
 2.2060496  0.8365595 ]
[-0.0023629377432108356 -0.0013547078161249004 0.0022753138371349735 0.0012812301560487516 0.0013673550280042246 0.0017167386190544143
 0.005024967512303302 0.008695706967554173]
[-2.58396391e-03 -3.93629430e-03 -2.14111163e-03 -2.12866928e-03
 -3.62009208e-03 -2.31894586e-03 -6.91836131e-05 -2.08338818e-03]
[ 3.68205492  3.6840263  10.8219003   9.02751792 20.44456688 14.50532586
 36.56026271 19.89719085]
[ 0.20614685 -0.16561443 -1.10025304 -1.01697815 -0.18837247 -1.41264835
 -0.44673082 -1.58344885]
[0.03242217 0.05251698 0.05658812 0.04749207 0.10246128 0.07282285
 0.19126425 0.13843974]
[0.0010512  0.00275803 0.00320222 0.0022555  0.01049831 0.00530317
 0.03658201 0.01916556]
[0.3647095  0.58781147 0.73682547 0.62215315 1.87585055 1.13867038
 4.35624223 2.43801106]
[0.02834132 0.04418531 0.03375544 0.03531946 0.07477474 0.0643202
 0.11059873 0.10153171]
[-0.01780853 -0.02491912 -0.01675348 -0.01793097 -0.03665814 -0.03226086
 -0.05081773 -0.04759046]
[0.01053279 0.01926619 0.01700196 0.0173885  0.0381166  0.03205933
 0.05978099 0.05394126]
